4
linear   essential      -0.250000   0.750000
linear   non-essential   0.000000   1.000000
linear   essential       0.000000   1.000000
linear   essential       0.000000   1.000000

2 1
significant   elliptical     1
	  0.003906  0.023438  0.019531  0.027344
	  0.000400  0.000400  0.000400  0.000400

3 1
significant   elliptical     1
	  0.226563  0.230859  0.187500  0.070313
	  0.000400  0.000400  0.000400  0.000400

4 1
significant   elliptical     1
	  0.242188  0.156641  0.148438  0.066406
	  0.000400  0.000400  0.000400  0.000400

5 1
significant   elliptical     1
	  0.179688  0.176563  0.144531  0.101563
	  0.000400  0.000400  0.000400  0.000400

6 1
significant   elliptical     1
	  0.199219  0.243359  0.199219  0.062500
	  0.000400  0.000400  0.000400  0.000400

7 1
significant   elliptical     1
	  0.347656  0.147656  0.175781  0.050781
	  0.000400  0.000400  0.000400  0.000400

8 1
significant   elliptical     1
	  0.351563  0.335547  0.195313  0.097656
	  0.000400  0.000400  0.000400  0.000400

9 1
significant   elliptical     1
	  0.363281  0.224609  0.164063  0.070313
	  0.000400  0.000400  0.000400  0.000400
